# Soluciones del problema
2.000000 2.000000
1.990036 1.980392
1.919903 1.960784
1.896045 1.941176
1.881129 1.921569
1.869780 1.901961
1.860152 1.882353
1.851329 1.862745
1.842706 1.843137
1.833746 1.823529
1.823794 1.803922
1.811789 1.784314
1.795418 1.764706
1.766988 1.745098
1.697255 1.725490
1.650351 1.705882
1.629731 1.686275
1.615983 1.666667
1.605183 1.647059
1.595825 1.627451
1.587103 1.607843
1.578448 1.588235
1.569310 1.568627
1.558971 1.549020
1.546178 1.529412
1.527961 1.509804
1.492626 1.490196
1.423025 1.470588
1.387691 1.450980
1.369474 1.431373
1.356681 1.411765
1.346342 1.392157
1.337204 1.372549
1.328548 1.352941
1.319827 1.333333
1.310468 1.313725
1.299668 1.294118
1.285921 1.274510
1.265300 1.254902
1.218397 1.235294
1.148663 1.215686
1.120234 1.196078
1.103862 1.176471
1.091857 1.156863
1.081906 1.137255
1.072945 1.117647
1.064322 1.098039
1.055500 1.078431
1.045872 1.058824
1.034523 1.039216
1.019606 1.019608
1.000000 1.000000
